0.208677
0.29605
0.322658
0.323083
0.26692
0.254784
0.464004
0.281926
0.270921
0.310208
0.394312
0.318233
0.351266
0.368351
0.322266
0.292915
0.218177
0.244565
0.308162
0.223816
0.298261
0.248591
0.226776
0.205181
0.232375
0.243476
0.259417
0.241411
0.227019
0.224231
0.242219
0.24731
0.225003
0.447067
0.244545
0.226178
0.363879
0.329314
0.250716
0.27968
0.0408053
0.0345006
0.223893
0.220525
0.228008
0.262246
0.243251
0.26663
0.228943
0.18977
0.22342
0.228394
0.20604
0.215402
0.216856
0.220001
0.231588
0.214891
0.178634
0.213936
0.0155985
0.199952
0.21341
0.193244
0.187516
0.187832
0.227625
0.188192
0.18897
0.198883
0.177123
0.22617
0.194839
0.184237
0.193404
0.189774
0.205098
0.190669
0.210207
0.0178919
0.237564
0.229391
0.211696
0.224101
0.241125
0.0133936
0.249889
0.225164
0.241098
0.216743
0.234061
0.250093
0.258779
0.25542
0.255345
0.258095
0.27635
0.253517
0.036099
0.220063
