1.42316
1.58724
0.0168772
1.53357
1.44933
1.51919
1.50969
1.49896
1.57099
1.4965
1.33342
1.3291
1.35359
1.4219
1.3481
1.66317
1.33115
1.33832
1.35279
1.33273
0.0312512
1.31628
1.34628
1.3454
1.37248
1.42629
1.36823
1.36037
1.35366
1.36791
1.36419
1.34525
1.33713
1.3603
1.36782
1.38965
1.4867
1.37824
1.3619
1.39002
1.4203
1.36149
1.34974
1.35854
1.3758
1.38779
1.43843
1.36799
0.0307612
1.37837
1.37594
1.35379
1.37437
0.0135319
1.3757
0.0156267
1.39775
1.36008
1.37595
1.45475
1.39476
1.3666
1.35812
1.35263
1.38851
1.35528
1.34128
1.37042
0.199008
0.0177221
0.0167222
0.0157452
0.0165877
0.0156045
0.0148122
0.0162539
0.0157228
0.0150797
0.0149083
0.0157788
0.0204072
0.0133185
0.0163646
0.0217948
0.0202084
0.0151057
0.016937
0.0160785
0.0132995
0.013346
0.0154541
0.0128193
0.0296218
0.0202758
0.033066
0.0200231
0.0161836
0.0333207
0.0157628
0.0162418
