1567700087.1180773
1567700090.1532953
1567700093.2232811
1567700096.2117934
1567700099.2370312
1567700102.2341995
1567700105.264946
1567700108.2562928
1567700111.2626832
1567700114.2827547
1567700117.255856
1567700120.3397133
1567700123.3602633
1567700126.3882625
1567700129.4272106
1567700132.4651065
1567700135.48958
1567700138.5059385
1567700141.5456169
1567700144.5630393
1567700147.5916784
1567700150.6364377
1567700153.6635182
1567700156.6765397
1567700159.6975036
1567700162.7640724
1567700165.7660265
1567700168.7474313
1567700171.8218286
1567700174.799848
1567700177.831585
1567700180.777908
1567700183.853529
1567700186.8987424
1567700189.8854527
1567700192.9112072
1567700195.910127
1567700198.9509401
1567700201.968145
1567700204.9805734
1567700207.9939482
1567700211.0428324
1567700214.0753412
1567700217.076959
1567700220.1029856
1567700223.1289244
1567700226.1514542
1567700229.1774404
1567700232.2055092
1567700235.2311351
1567700238.2441986
1567700241.2454414
1567700244.2930853
1567700247.3035657
1567700250.3344643
1567700253.3671336
1567700256.392596
1567700259.3991072
1567700262.4195683
1567700265.4747534
1567700268.470749
1567700271.478585
1567700274.5254753
1567700277.5543647
1567700280.589443
1567700283.6054726
1567700286.6272774
1567700289.632256
1567700292.6873074
1567700295.6901543
1567700298.7249863
1567700301.7475393
1567700304.7355611
1567700307.7853398
1567700310.7431586
1567700313.819911
1567700316.8661582
1567700319.856648
1567700322.8990383
1567700325.8764596
1567700328.8921704
1567700331.9417553
1567700334.967225
1567700337.9037888
1567700341.0028799
1567700344.0045323
1567700347.0360403
1567700350.0790932
1567700353.075697
1567700356.1175919
1567700359.106599
1567700362.07576
1567700365.1437452
1567700368.192606
1567700371.2066967
1567700374.2387066
1567700377.255319
1567700380.2684855
1567700383.2104013
1567700386.2955842
