1567700087.0434494
1567700090.0513105
1567700093.0723715
1567700096.0984051
1567700099.123116
1567700102.146426
1567700105.1712177
1567700108.1799943
1567700111.193331
1567700114.2031422
1567700117.2191622
1567700120.2473507
1567700123.2639675
1567700126.295223
1567700129.3236659
1567700132.3505685
1567700135.3770022
1567700138.4102225
1567700141.436792
1567700144.4640892
1567700147.4909909
1567700150.5204976
1567700153.5509706
1567700156.5823884
1567700159.5952775
1567700162.6220877
1567700165.6383429
1567700168.6771998
1567700171.6908545
1567700174.7020614
1567700177.731686
1567700180.760457
1567700183.7751694
1567700186.7913108
1567700189.816642
1567700192.8265119
1567700195.84271
1567700198.8558261
1567700201.881824
1567700204.9083154
1567700207.9236655
1567700210.937767
1567700213.964219
1567700216.9892552
1567700220.0003028
1567700223.028167
1567700226.055961
1567700229.082107
1567700232.1089523
1567700235.1350906
1567700238.1472368
1567700241.1754677
1567700244.1908698
1567700247.2162476
1567700250.2337055
1567700253.260051
1567700256.2850263
1567700259.3121936
1567700262.3271914
1567700265.3495512
1567700268.3735876
1567700271.4077415
1567700274.4220443
1567700277.4485452
1567700280.4762256
1567700283.500852
1567700286.5266266
1567700289.5541492
1567700292.5776114
1567700295.604862
1567700298.6204176
1567700301.6447825
1567700304.671101
1567700307.6833808
1567700310.707934
1567700313.7357502
1567700316.7514672
1567700319.7690296
1567700322.7853975
1567700325.812409
1567700328.8226542
1567700331.8345199
1567700334.86183
1567700337.8880029
1567700340.9034085
1567700343.928316
1567700346.9414833
1567700349.9673593
1567700352.991162
1567700356.0104637
1567700359.034649
1567700362.0439503
1567700365.0681021
1567700368.0825462
1567700371.1082604
1567700374.131947
1567700377.1571183
1567700380.1837604
1567700383.1968307
1567700386.2100575
