0.0161097
3.19104
3.36308
3.26661
3.13225
3.46083
3.53183
3.03961
2.64386
2.81233
2.90274
2.74832
2.71306
2.6443
2.98387
3.09527
3.07375
3.1159
3.18931
3.2259
3.31465
3.24153
3.1276
2.87468
2.87129
2.84736
2.99628
2.94998
0.0325482
2.91558
2.92034
3.14304
3.04123
1.8987
0.0167785
0.0400734
0.034811
0.036845
0.0379097
0.0174878
0.0373926
0.0333011
0.0391858
0.0353086
0.0200567
0.0145252
0.0321844
0.0323882
0.0270991
0.0331919
0.0157137
0.0211914
0.0380392
0.0332658
0.0247128
0.0408247
0.0140584
0.0380623
0.0332351
0.0326328
0.0422411
0.0197885
0.0343323
0.035434
0.0355453
0.0297318
0.0169821
0.0343506
0.0370078
0.0327992
0.0354581
0.0138514
0.0160069
0.0458663
0.0511255
0.0181046
0.0371628
0.0398343
0.036092
0.0292246
0.0364909
0.0354307
0.0358493
0.0344086
0.0125079
0.0330999
0.016928
0.0378039
0.0106769
0.0365396
0.0335388
0.0352921
0.0342741
0.034878
0.0317442
0.0390069
0.0378585
0.0339532
0.0381949
0.0390427
