0.38686
0.363811
0.388087
0.392963
0.363757
0.380354
0.404276
0.382374
0.471816
0.372109
0.493802
0.382472
0.0219903
0.0348468
0.365666
0.0125384
0.353009
0.468012
0.353763
0.348284
0.43862
0.346644
0.36718
0.352598
0.356086
0.349582
0.380208
0.0117521
0.0145319
0.357263
0.35006
0.369964
0.425825
0.0330601
0.447751
0.365713
0.377179
0.352026
0.385731
0.389465
0.397297
0.3642
0.405247
0.360861
0.373607
0.345287
0.354478
0.350661
0.383259
0.359053
0.388194
0.346011
0.536332
0.349631
0.361413
0.446441
0.0363588
0.35995
0.45005
0.445597
0.446762
0.46019
0.448172
0.669784
0.477917
0.364464
0.536211
0.436567
0.0342522
0.545366
0.394315
0.376227
0.407164
0.467734
0.480312
0.375963
0.385768
0.381741
0.480724
0.517129
0.396321
0.401568
0.475129
0.446251
0.440743
0.384891
0.437563
0.396513
0.459847
0.400605
0.402235
0.398971
0.405998
0.420645
0.410914
0.503285
0.376868
0.0348573
0.393128
0.516788
