7.5263
11.8772
12.3435
11.9127
11.6548
12.7584
12.5121
11.8635
12.1001
12.0589
11.7046
11.8791
11.9622
12.0269
12.0814
10.8105
3.35674
0.0245218
0.0344245
0.0339334
0.039618
0.0361731
0.0341213
0.0396354
0.0413008
0.0392985
0.0374603
0.0340769
0.0407646
0.0152879
0.0369945
0.0135887
0.0340788
0.0351818
0.0176201
0.0149086
0.0130951
0.0366547
0.0395045
0.0387809
0.0361891
0.0396218
0.0122998
0.0167501
0.0292892
0.0370986
0.0371287
0.0366204
0.0383475
0.0392745
0.01617
0.0308475
0.0374565
0.0367084
0.0375044
0.0340679
0.0417917
0.0341842
0.0136731
0.0439031
0.0264008
0.0117958
0.0358756
0.0314126
0.0280316
0.010834
0.0139971
0.0149109
0.0390675
0.0155652
0.0456321
0.0373302
0.0358908
0.0348537
0.0323281
0.0356407
0.0323117
0.0329816
0.0140152
0.0319338
0.0170767
0.0239525
0.0328491
0.015672
0.0314252
0.0172865
0.0327089
0.0340116
0.033726
0.0121617
0.0161057
0.0348768
0.0331819
0.0158436
0.0106528
0.0157442
0.0164816
0.0159857
0.0187509
0.0175507
