0.723693
0.798129
0.775618
0.770015
0.795671
0.855271
0.791296
0.736859
0.698609
0.679153
0.686497
0.684234
0.700732
0.684851
0.707512
0.69934
0.684275
0.69185
0.679859
0.0224564
0.680691
0.673793
0.688746
0.685966
0.67154
0.745414
0.665385
0.813699
0.684224
0.714152
0.691589
0.683776
0.673462
0.68927
0.680369
0.708503
0.680814
0.698265
0.690026
0.685898
0.690361
0.712277
0.691457
0.717691
0.6841
0.719416
0.71052
0.714444
0.776725
0.731966
0.695559
0.689602
0.690032
0.733022
0.016417
0.715014
0.713363
0.717922
0.737556
0.721372
0.708935
0.725193
0.716519
0.71792
0.691368
0.713928
0.0356762
0.719912
0.708938
0.707331
0.717023
0.692695
0.811199
0.702417
0.67948
0.0164917
0.690886
0.707821
0.712499
0.696281
0.70424
0.704906
0.690321
0.699492
0.709135
0.0112629
0.711846
0.016659
0.711224
0.698308
0.0345342
0.799915
0.700923
0.695632
0.702085
0.733627
0.0335407
0.0170426
0.740892
0.809762
