0.0724134
0.105195
0.118509
0.0843718
0.0904179
0.08356
0.0768559
0.0769606
0.079941
0.0720565
0.0788238
0.0797286
0.0789008
0.0803168
0.0760007
0.0810673
0.0721095
0.0880437
0.0861022
0.084739
0.139887
0.0775492
0.100157
0.164378
0.120343
0.0851264
0.0345657
0.0794537
0.115125
0.0681863
0.0952497
0.0825305
0.10923
0.0718877
0.102917
0.0882461
0.105108
0.0691521
0.0781879
0.0815246
0.116558
0.0844612
0.106222
0.0776727
0.107554
0.0881276
0.0783074
0.0909016
0.0710104
0.0667372
0.0153205
0.118696
0.108188
0.105182
0.0782957
0.0667918
0.0857689
0.0717034
0.0768843
0.0905726
0.072047
0.0991857
0.0151467
0.109292
0.0917053
0.101557
0.0169406
0.0692358
0.0807936
0.100576
0.0801036
0.109804
0.0744002
0.0769513
0.083564
0.0803282
0.0735574
0.081785
0.0891478
0.0992343
0.0941095
0.101587
0.108655
0.106244
0.0984514
0.113428
0.0851858
0.102828
0.114662
0.121397
0.0802529
0.111996
0.0836546
0.101689
0.0894389
0.0715907
0.0885472
0.0720742
0.0635359
0.0127945
