1567193938.3547223
1567193941.3975978
1567193944.430268
1567193947.4204814
1567193950.4446583
1567193953.4527264
1567193956.4627373
1567193959.4780374
1567193962.4968488
1567193965.504049
1567193968.5247014
1567193971.5442214
1567193974.5639756
1567193977.5808923
1567193980.5912957
1567193983.6114438
1567193986.6161344
1567193989.646562
1567193992.6599643
1567193995.6747472
1567193998.7435155
1567194001.696106
1567194004.7323694
1567194007.8258576
1567194010.8004208
1567194013.8041577
1567194016.7713451
1567194019.8396103
1567194022.8951178
1567194025.8730512
1567194028.9109383
1567194031.9148896
1567194034.9576967
1567194037.944055
1567194040.9903047
1567194044.0002236
1567194047.0433242
1567194050.0322123
1567194053.055163
1567194056.0776467
1567194059.1280508
1567194062.1237724
1567194065.1699069
1567194068.1690423
1567194071.215786
1567194074.2216926
1567194077.2283006
1567194080.2564204
1567194083.2543168
1567194086.2679474
1567194089.2308245
1567194092.3491638
1567194095.367888
1567194098.3914702
1567194101.386343
1567194104.3903902
1567194107.4231193
1567194110.425489
1567194113.4454086
1567194116.475573
1567194119.4848797
1567194122.5271926
1567194125.4683666
1567194128.5777152
1567194131.5861778
1567194134.6132648
1567194137.552608
1567194140.6210406
1567194143.6474724
1567194146.6844072
1567194149.693784
1567194152.740666
1567194155.7315004
1567194158.7493746
1567194161.7708652
1567194164.7833805
1567194167.7929752
1567194170.8163962
1567194173.8391976
1567194176.8632128
1567194179.8833492
1567194182.9057415
1567194185.9384897
1567194188.9632843
1567194191.9825468
1567194195.0246274
1567194198.023631
1567194201.0553935
1567194204.0938017
1567194207.1278296
1567194210.113256
1567194213.1599622
1567194216.159811
1567194219.1987512
1567194222.211902
1567194225.2074916
1567194228.2382817
1567194231.244117
1567194234.2490396
1567194237.212169
