1567193938.2823088
1567193941.2924027
1567193944.311759
1567193947.3361096
1567193950.3542404
1567193953.3691664
1567193956.3858814
1567193959.4010768
1567193962.4169078
1567193965.4319925
1567193968.4458776
1567193971.4644928
1567193974.4850748
1567193977.5005755
1567193980.515295
1567193983.5303764
1567193986.544025
1567193989.5585184
1567193992.573862
1567193995.5900083
1567193998.6036289
1567194001.6185567
1567194004.6322126
1567194007.66148
1567194010.6800778
1567194013.7190313
1567194016.7367795
1567194019.7601566
1567194022.7799928
1567194025.804865
1567194028.8156886
1567194031.832359
1567194034.8484664
1567194037.8721673
1567194040.8873878
1567194043.9119775
1567194046.9382157
1567194049.9630601
1567194052.976975
1567194055.9961221
1567194059.0114932
1567194062.0393112
1567194065.0636845
1567194068.0913696
1567194071.1082323
1567194074.133565
1567194077.1499932
1567194080.1655188
1567194083.1833065
1567194086.2012103
1567194089.215504
1567194092.230468
1567194095.2596998
1567194098.2862885
1567194101.3080473
1567194104.3235984
1567194107.3373504
1567194110.3537855
1567194113.3685243
1567194116.3850005
1567194119.4128327
1567194122.428007
1567194125.45322
1567194128.468423
1567194131.4944725
1567194134.5117075
1567194137.5356674
1567194140.5518048
1567194143.5666788
1567194146.5838308
1567194149.6136804
1567194152.6308622
1567194155.6571002
1567194158.6724234
1567194161.6873012
1567194164.7030523
1567194167.7194178
1567194170.7346113
1567194173.7500498
1567194176.7639785
1567194179.7892396
1567194182.8041549
1567194185.8298345
1567194188.8570406
1567194191.8840954
1567194194.9111998
1567194197.9384453
1567194200.9525654
1567194203.9791396
1567194207.0064325
1567194210.033003
1567194213.0479665
1567194216.0761564
1567194219.097062
1567194222.122463
1567194225.135901
1567194228.1497345
1567194231.1720428
1567194234.1855037
1567194237.1993744
