1567194979.276806
1567194982.2883232
1567194985.3193185
1567194988.3446174
1567194991.370867
1567194994.3839571
1567194997.397148
1567195000.4228415
1567195003.4327872
1567195006.4581168
1567195009.4901993
1567195012.513926
1567195015.5424023
1567195018.5683377
1567195021.5921795
1567195024.6160164
1567195027.6419916
1567195030.666418
1567195033.6898727
1567195036.7151284
1567195039.7413862
1567195042.7918448
1567195045.8203099
1567195048.8457456
1567195051.868291
1567195054.8943255
1567195057.9262938
1567195060.9532773
1567195063.980486
1567195067.0068
1567195070.0359783
1567195073.0616753
1567195076.0883849
1567195079.1000283
1567195082.1280057
1567195085.1560369
1567195088.181041
1567195091.2077909
1567195094.2379284
1567195097.254214
1567195100.2817585
1567195103.3076205
1567195106.328517
1567195109.355948
1567195112.3707159
1567195115.4008975
1567195118.425886
1567195121.4406152
1567195124.4555097
1567195127.4802058
1567195130.50904
1567195133.5337474
1567195136.560547
1567195139.587419
1567195142.616301
1567195145.6493769
1567195148.6802433
1567195151.7047663
1567195154.7324271
1567195157.760015
1567195160.7826347
1567195163.808747
1567195166.833191
1567195169.8620856
1567195172.8895848
1567195175.9159262
1567195178.941601
1567195181.9717412
1567195184.999128
1567195188.0249507
1567195191.0521922
1567195194.0798337
1567195197.1058898
1567195200.1330652
1567195203.1610882
1567195206.1888468
1567195209.2150435
1567195212.240013
1567195215.265903
1567195218.296008
1567195221.3216808
1567195224.3530662
1567195227.3844397
1567195230.410305
1567195233.435587
1567195236.4625132
1567195239.487988
1567195242.5131383
1567195245.538743
1567195248.5658834
1567195251.59367
1567195254.6256099
1567195257.652003
1567195260.6705127
1567195263.6994355
1567195266.7301598
1567195269.7568731
1567195272.7819855
1567195275.8080213
1567195278.8342893
