1567194979.2958376
1567194982.563281
1567194985.5672388
1567194988.6037095
1567194991.6298122
1567194994.6062376
1567194997.6068323
1567195000.6664445
1567195003.6312816
1567195006.6635084
1567195009.523277
1567195012.7179446
1567195015.7473774
1567195018.7895734
1567195021.793761
1567195024.825352
1567195027.856036
1567195030.8788583
1567195033.9073694
1567195037.0109446
1567195040.0126164
1567195042.9964
1567195046.0254335
1567195049.0539262
1567195052.0667882
1567195055.104206
1567195058.1309266
1567195061.1445003
1567195064.1868198
1567195067.2133641
1567195070.075307
1567195073.263711
1567195076.4150946
1567195079.3108692
1567195082.3579407
1567195085.3692713
1567195088.406052
1567195091.4135633
1567195094.487546
1567195097.2906806
1567195100.4878585
1567195103.5288792
1567195106.5427067
1567195109.5370302
1567195112.572756
1567195115.6002107
1567195118.5994177
1567195121.6187232
1567195124.6551716
1567195127.6831033
1567195130.7163658
1567195133.7460754
1567195136.7628844
1567195139.6247811
1567195142.655418
1567195145.849871
1567195148.8765426
1567195151.901967
1567195154.9424074
1567195157.9435868
1567195160.817763
1567195164.0059352
1567195167.0296116
1567195169.8999813
1567195173.1025586
1567195176.125942
1567195179.1434183
1567195182.1742065
1567195185.2068524
1567195188.2300196
1567195191.2467954
1567195194.2778563
1567195197.3269074
1567195200.3283355
1567195203.3679183
1567195206.3887434
1567195209.4180825
1567195212.46971
1567195215.4782379
1567195218.4966693
1567195221.54129
1567195224.5713594
1567195227.5966172
1567195230.6130047
1567195233.6456664
1567195236.6871037
1567195239.7029629
1567195242.729176
1567195245.7418473
1567195248.7674928
1567195251.7987196
1567195254.830455
1567195257.8451788
1567195260.9096823
1567195263.9261584
1567195266.9430664
1567195269.9515526
1567195272.9731572
1567195276.020456
1567195279.026734
