0.0190315
0.274958
0.24792
0.259092
0.258945
0.222281
0.209684
0.243603
0.198494
0.205392
0.0330777
0.204019
0.204975
0.221236
0.201581
0.209336
0.214044
0.21244
0.217497
0.295816
0.27123
0.204555
0.205124
0.208181
0.198497
0.209881
0.204633
0.191223
0.206334
0.206564
0.0393286
0.202036
0.32671
0.210841
0.229935
0.213234
0.225011
0.205772
0.249618
0.0364666
0.2061
0.221259
0.21419
0.181082
0.20204
0.199313
0.173532
0.178108
0.199662
0.202898
0.207326
0.212328
0.202337
0.0373621
0.0391169
0.200494
0.196299
0.197201
0.20998
0.183572
0.0351284
0.197188
0.196421
0.0378957
0.212974
0.210016
0.201817
0.202465
0.207724
0.205069
0.194603
0.198023
0.221018
0.19527
0.20683
0.199897
0.203039
0.229697
0.212335
0.200661
0.219609
0.218293
0.212178
0.2027
0.210079
0.224591
0.214975
0.216038
0.203104
0.201609
0.20505
0.204845
0.193176
0.23917
0.226723
0.212907
0.194679
0.191172
0.212435
0.192445
