0.25683
0.250772
0.254062
0.266044
0.250886
0.290226
0.234533
0.218755
0.220256
0.241803
0.27
0.224012
0.35875
0.213152
0.243802
0.23372
0.237373
0.227011
0.27
0.299775
0.22219
0.177648
0.187147
0.191833
0.17995
0.19601
0.187476
0.22252
0.195664
0.19725
0.20298
0.191475
0.199521
0.27
0.213707
0.204336
0.215344
0.180401
0.208364
0.208014
0.213805
0.209616
0.215466
0.213327
0.211305
0.206643
0.21655
0.211492
0.21368
0.215107
0.218781
0.27
0.220263
0.205696
0.214441
0.21294
0.225642
0.212312
0.191825
0.205793
0.187501
0.27
0.181321
0.187509
0.190188
0.193324
0.17
0.216122
0.187842
0.183291
0.191977
0.191713
0.188736
0.27
0.201619
0.246818
0.239546
0.226466
0.435429
0.345196
0.240217
0.17
0.27
0.284431
0.277511
0.340152
0.219072
0.217823
0.175362
0.229218
0.441385
0.248915
0.218626
0.27
0.304633
0.248801
0.219481
0.218854
0.298973
0.290195
