1566716825.4622867
1566716828.477182
1566716831.4859138
1566716834.5004864
1566716840.5204513
1566716843.533771
1566716846.5484161
1566716849.563182
1566716852.5777571
1566716855.5928667
1566716858.6083932
1566716861.6203675
1566716864.6348195
1566716867.6528556
1566716873.6798196
1566716876.6947255
1566716879.7061844
1566716882.7218812
1566716885.7343771
1566716888.7481308
1566716891.762542
1566716894.7757578
1566716897.790667
1566716900.8060246
1566716903.8196232
1566716915.8752553
1566716918.88981
1566716921.8971384
1566716924.9056811
1566716927.9134648
1566716930.9282014
1566716933.9421067
1566716936.9535165
1566716939.9672263
1566716945.9922066
1566716952.0158741
1566716955.0285943
1566716958.044023
1566716961.0591583
1566716964.0739877
1566716967.0891464
1566716970.10384
1566716973.118361
1566716976.134232
1566716979.1512015
1566716982.1669638
1566716985.1813455
1566716988.195502
1566716991.204454
1566716994.219042
1566716997.2348201
1566717000.2488365
1566717003.2630153
1566717006.2797058
1566717009.2938578
1566717012.3086655
1566717015.3244898
1566717018.3391705
1566717024.3680966
1566717027.3821971
1566717030.3957932
1566717033.4118395
1566717036.4261053
1566717039.4414566
1566717042.456437
1566717045.4693727
1566717048.485852
1566717051.5010946
1566717060.5433857
1566717063.5546815
1566717072.601941
1566717075.6176436
1566717078.6324027
1566717081.6445796
1566717084.66
1566717087.683077
1566717090.7002225
1566717093.717546
1566717096.7318988
1566717099.7470338
1566717102.7623973
1566717105.7779343
1566717108.7920394
1566717111.805565
1566717114.8179631
1566717117.8326967
1566717120.8457975
1566717123.853893
