1567195679.9996722
1567195683.0131326
1567195686.0420942
1567195689.0644636
1567195692.0935824
1567195695.1039145
1567195698.1176543
1567195701.1451075
1567195704.1581085
1567195707.1716683
1567195710.1986096
1567195713.223461
1567195716.249933
1567195719.2736876
1567195722.3007598
1567195725.3240502
1567195728.350124
1567195731.3760266
1567195734.401941
1567195737.4266393
1567195740.4563465
1567195743.4879873
1567195746.5160272
1567195749.5413508
1567195752.5706782
1567195755.5982616
1567195758.6241484
1567195761.6584828
1567195764.6856992
1567195767.7116394
1567195770.7415843
1567195773.7640316
1567195776.7898738
1567195779.8125875
1567195782.8401625
1567195785.8689768
1567195788.8961432
1567195791.9236412
1567195794.9502416
1567195797.9783702
1567195801.0049865
1567195804.0314562
1567195807.059244
1567195810.0864303
1567195813.1111786
1567195816.138311
1567195819.1688628
1567195822.1959155
1567195825.2218583
1567195828.233396
1567195831.2590485
1567195834.2829177
1567195837.3105447
1567195840.3351736
1567195843.352036
1567195846.3800335
1567195849.3994355
1567195852.4255314
1567195855.449902
1567195858.4758267
1567195861.5000172
1567195864.5288465
1567195867.5566444
1567195870.5800207
1567195873.605462
1567195876.6322157
1567195879.6566472
1567195882.682094
1567195885.7086902
1567195888.7343569
1567195891.7485442
1567195894.768002
1567195897.7944078
1567195900.8214626
1567195903.8480349
1567195906.874277
1567195909.901108
1567195912.9277022
1567195915.9532602
1567195918.9800396
1567195922.0100434
1567195925.0381863
1567195928.0562346
1567195931.0823193
1567195934.0924573
1567195937.1182165
1567195940.1455758
1567195943.175056
1567195946.2006102
1567195949.223207
1567195952.249922
1567195955.2759988
1567195958.3044693
1567195961.3313272
1567195964.3577962
1567195967.3917704
1567195970.4194615
1567195973.4360478
1567195976.4650052
1567195979.4825182
