0.0746279
0.101985
0.15091
0.113388
0.113915
0.0877736
0.0937283
0.0762985
0.0693521
0.0796125
0.0366938
0.0923626
0.0962958
0.0930395
0.103545
0.114538
0.112578
0.095716
0.108825
0.0989501
0.100688
0.11594
0.112548
0.0941513
0.102226
0.141985
0.127684
0.0702314
0.130974
0.0977867
0.0998988
0.017451
0.0783596
0.107432
0.0688107
0.0846953
0.0674169
0.095114
0.0863209
0.072258
0.0702827
0.105065
0.111122
0.0877037
0.102683
0.100757
0.0954933
0.0953333
0.0965569
0.0960445
0.0969617
0.0699737
0.102216
0.0873182
0.100759
0.107083
0.10757
0.0869136
0.0923769
0.125202
0.0971613
0.0708435
0.103431
0.105819
0.113217
0.10462
0.100651
0.0781069
0.109696
0.0852923
0.104569
0.102757
0.06446
0.101959
0.0352247
0.0841608
0.114691
0.0876184
0.113641
0.0640507
0.0695162
0.107235
0.105395
0.0157859
0.0994713
0.0762162
0.094557
0.111734
0.0845349
0.107128
0.0719502
0.0318096
0.0756431
0.11006
0.0984364
0.10676
0.0982008
0.0847251
0.0135705
0.0855267
