0.818349
0.924669
0.818844
0.857302
0.811897
0.698538
1.23768
0.851437
0.80121
0.83751
0.863404
0.825572
0.872057
1.14243
0.830553
0.887472
0.782729
0.982275
1.00267
0.979785
0.724465
0.801367
0.74438
0.742668
0.828734
0.862717
0.0336225
0.032552
1.4352
0.997136
1.03038
0.766137
1.08125
0.669418
0.0223842
0.048198
0.035491
0.0309906
0.0170226
0.0337789
0.0156679
0.0312655
0.0142021
0.016762
0.0122993
0.0380976
0.0378587
0.0338156
0.0310688
0.0332119
0.0364416
0.0353036
0.0334933
0.0289962
0.0418367
0.0379772
0.0371597
0.0153444
0.00958633
0.0340853
0.030956
0.0362132
0.023982
0.0322165
0.0156891
0.0415978
0.0342898
0.0104702
0.0378368
0.0325718
0.0155542
0.0156534
0.0407255
0.0373766
0.0149622
0.0173671
0.0328593
0.0108252
0.0367353
0.0382352
0.0162416
0.013978
0.0463254
0.0173879
0.0311654
0.0192785
0.0374193
0.0364306
0.0224068
0.0146372
0.0150437
0.0248566
0.0376363
0.0102944
0.035908
0.0339622
0.0145535
0.0376766
0.0128503
0.0358319
