0.12908
0.159537
0.171306
0.164159
0.145551
0.169574
0.129297
0.0354364
0.163709
0.326469
0.175414
0.236289
0.1597
0.153526
0.129017
0.156034
0.190542
0.149997
0.19334
0.147101
0.15056
0.13566
0.190053
0.148679
0.12018
0.115617
0.177398
0.158345
0.146369
0.141282
0.167249
0.160548
0.162231
0.128101
0.0200272
0.126298
0.151107
0.162249
0.126038
0.154963
0.140169
0.17326
0.168416
0.122677
0.140926
0.130517
0.0343382
0.117527
0.150661
0.124002
0.152242
0.129327
0.117554
0.0167868
0.166802
0.0211136
0.14903
0.114997
0.133356
0.124312
0.150615
0.171256
0.132795
0.120449
0.121337
0.118333
0.124809
0.0164311
0.229071
0.170748
0.161764
0.126198
0.044697
0.156652
0.113154
0.112994
0.158408
0.148488
0.141504
0.147829
0.11835
0.13481
0.145824
0.157441
0.166064
0.148401
0.163545
0.159088
0.168958
0.159405
0.153877
0.161926
0.13192
0.137067
0.158928
0.153165
0.155028
0.148098
0.137935
0.146528
