1.73604
1.59835
1.60979
1.65537
1.73209
1.68434
1.70916
1.76883
1.67432
1.69666
1.86667
1.74818
1.81765
1.86032
0.0145087
1.89011
1.61731
0.0227065
0.0349605
0.0182331
0.041575
0.0164676
0.017164
0.0278449
0.0335159
0.0145025
0.0121067
0.0332534
0.014389
0.0143051
0.0171316
0.0337915
0.0120409
0.0461934
0.0391586
0.0220642
0.0181832
0.0245221
0.0270579
0.0154772
0.0154953
0.0336592
0.0190217
0.0348783
0.023134
0.0172968
0.018661
0.034936
0.0322788
0.0103657
0.0353391
0.0351722
0.0351467
0.0359018
0.0187061
0.0315261
0.0407114
0.0112462
0.0352945
0.0168459
0.0424864
0.0354018
0.0327442
0.0353076
0.0381098
0.0158565
0.0175188
0.0168848
0.0318444
0.0169027
0.0139589
0.0423298
0.0148587
0.0340996
0.0155499
0.0186341
0.0175264
0.0166478
0.0460129
0.0174654
0.0343068
0.0181787
0.0359669
0.0318673
0.0386596
0.0350163
0.0331066
0.0385234
0.0372415
0.0117469
0.0197496
0.0389321
0.0220425
0.0333033
0.037401
0.0132649
0.0231237
0.0166767
0.0165322
0.0322924
