0.341005
0.383095
0.281169
0.227252
0.251819
0.31372
0.270778
0.225116
0.211472
0.219314
0.320143
0.0322795
0.251054
0.235982
0.282935
0.294544
0.246084
0.273042
0.00946879
0.240564
0.246968
0.212659
0.0327899
0.237088
0.274368
0.204122
0.250618
0.207317
0.264531
0.342307
0.223498
0.238196
0.261031
0.254957
0.258183
0.313687
0.251978
0.226471
0.233709
0.392811
0.250864
0.258598
0.286182
0.241183
0.262886
0.266315
0.256347
0.259901
0.251948
0.261851
0.250426
0.275426
0.265437
0.286656
0.291429
0.288373
0.30358
0.276877
0.332648
0.232715
0.321137
0.488587
0.572209
0.533823
0.304537
0.263994
0.28377
0.269545
0.0122359
0.25088
0.210577
0.0312903
0.24289
0.27873
0.309783
0.242173
0.329728
0.257942
0.303954
0.238627
0.265584
0.264555
0.264956
0.254965
0.298709
0.268671
0.293098
0.283222
0.274717
0.269079
0.376743
0.280522
0.27759
0.329926
0.285358
0.269616
0.2869
0.283083
0.271275
0.0416725
