3.19098
0.199877
3.31548
3.83863
3.79906
0.255431
3.62873
4.33657
4.44897
4.22882
0.530366
0.0486889
0.0138538
0.0340171
0.0263457
0.0378428
0.0158534
0.0130272
0.0377104
0.0349543
0.0328729
0.0153983
0.0225945
0.0329883
0.0282261
0.0158687
0.0155911
0.0154781
0.0125873
0.0422432
0.0137489
0.0147731
0.0314093
0.016057
0.010627
0.0199835
0.0157261
0.0128529
0.0459721
0.0138555
0.0327804
0.0140369
0.0154765
0.0159664
0.0151501
0.0283172
0.0373693
0.0156078
0.0289416
0.032337
0.0374172
0.0204594
0.0169506
0.0373161
0.0154994
0.0377426
0.0298395
0.0410237
0.0332386
0.0384374
0.034441
0.0163748
0.0168648
0.0176506
0.0309412
0.0155079
0.0140629
0.0216508
0.036006
0.0160968
0.0373461
0.0145757
0.0127847
0.0361848
0.00929856
0.00925374
0.0250509
0.0189457
0.0171037
0.0173388
0.0303328
0.0107412
0.0162568
0.0321658
0.0414636
0.0319166
0.0161219
0.0158074
0.02033
0.0203769
0.0208125
0.0299509
0.0302176
0.0364039
0.0279021
0.0332775
0.0203321
0.0185685
0.014842
0.0149221
