1.03427
0.922194
0.833185
0.556846
0.451176
0.432462
0.465823
0.442096
0.446728
0.475935
0.447495
0.46123
0.433565
0.500167
0.699228
0.487704
0.574583
0.465935
0.477964
0.473437
0.761674
0.0261121
0.483652
0.474822
0.509677
0.528982
0.503268
0.537462
0.493706
0.469018
0.559392
0.545608
0.487886
0.523855
0.485577
0.523383
0.518591
0.506198
0.509648
0.476735
0.508219
0.512527
0.471116
0.589936
0.528571
0.487664
0.432167
0.46765
0.471671
0.448721
0.499665
0.432771
0.471855
0.509029
0.443799
0.446289
0.46173
0.447566
0.500401
0.414461
0.464881
0.40291
0.466439
0.010406
0.485387
0.12712
0.0160017
0.0371935
0.0356944
0.0344164
0.0364392
0.0323112
0.0470552
0.0285792
0.0292804
0.012876
0.0325599
0.0331531
0.0136256
0.0338957
0.0162311
0.00868964
0.0118365
0.0299864
0.0173082
0.0325048
0.0325484
0.0315552
0.0110509
0.0342939
0.0323379
0.0410058
0.00978398
0.0111282
0.0389392
0.0429308
0.0335925
0.0148766
0.0367453
0.0388348
